144887 1534691 673904 2
260521 4418710 805124 1
7513613 1473940 428964 1
383441 6697880 134296 1
7299310 1417401 032955 1
359486 8307921 213192 3
4266613 2763690 543880 3
674978 6315770 749278 1
3548312 2731691 508053 3
502423 7234980 831917 1
632758 3858791 669485 1
55694 8754350 728658 2
510524 6800980 625224 1
7737215 2995700 331351 1
436731 8894610 191283 1
613647 5167541 269164 1
6967314 2391950 261333 1
156690 0000001 250185 2
2848810 5285551 304844 3
64873 5402650 822483 2
377082 9915510 833920 1
226205 2978650 638306 2
287826 5938030 187108 3
197392 8167601 686209 2
3678812 4582580 649617 3
57410 0000001 656418 2
285679 9686480 731232 3
68081 3648380 640103 2
416110 2304531 151996 1
3666111 8654020 882810 3
436050 1204601 352013 1
153608 5452041 340429 3
637965 8566490 160006 1
107439 6656180 778626 2
708089 7787631 084103 1
720114 9329760 632026 1
59142 2162460 587095 2
1485114 3056360 632317 3
3355312 5918890 686581 3
449523 4246491 004504 1
179340 0000000 147573 2
277388 5338230 205324 3
292909 8295280 238620 3
4233011 4921860 263499 3
364293 5709680 832254 1
396231 7712280 207612 1
324043 5139210 991854 1
272684 3981720 975024 1
54774 2768231 174874 2
142545 9460141 614244 2
6861313 7989700 724375 1
4153910 3935911 663724 3
79173 0075770 297302 2
213311 0319380 486174 2
83384 7512120 064693 2
51763 6922691 655113 2
1898310 4480910 267652 3
6883710 5857860 329557 1
134381 6045010 069064 2
488493 6794970 961466 1
122853 7951460 696694 2
78262 5318851 659173 2
55659 7333400 977746 2
103466 0930671 413798 2
18237 7129601 054927 2
974411 4703640 760461 3
168572 8865290 934416 2
3933610 0543731 138351 3
652309 9724700 881876 1
24632 3357851 366145 2
2735311 3751551 528626 3
161910 0000000 605619 2
122584 1267870 357501 2
423776 3195221 058602 1
256078 6805270 086955 3
7745014 8563911 129823 1
587322 4542850 222380 1
464267 2922020 548607 3
326888 7451370 857348 3
648908 5790010 683048 1
85542 5073020 869177 2
2886111 4154761 505466 3
420504 8385401 680892 1
3219310 3395070 583646 3
648956 5737421 151433 1
23556 5393970 462065 2
02 2091590 723567 2
7040611 1963780 836326 1
573994 2295950 128253 1
417329 5059440 005273 3
114298 6527251 348934 3
7527017 1011080 490712 1
54597 8718390 717662 2
735208 2621311 361646 1
402799 0156351 658555 3
215409 2153510 806762 3
176946 3750070 033678 2
223292 2620141 022169 1
465705 6771100 709469 1
4240311 2930170 207976 3
336546 5900431 353117 1
91714 7119600 194167 2
281228 7680991 108041 3
3409511 5025190 545097 3
17744 6828120 578112 2
4013112 4465780 300754 3
1399412 9083841 657722 3
7706412 6011080 974527 1
112103 9294560 025466 2
61229 7515031 182050 3
153413 0437670 888168 2
443734 3915220 807100 1
2845411 6952760 679015 3
637717 8797420 154263 1
92175 6131630 933632 2
690769 1401720 851300 1
244894 2586440 206892 1
168716 7998311 221171 2
397768 7527580 484418 3
59011 1230331 180352 2
4098710 8332481 585426 3
74793 0516180 026781 2
387685 3084090 030683 3
49331 8417920 028099 2
323112 2619781 605603 1
2650111 5736961 061347 3
374338 0387641 083910 3
2350310 7340070 103715 3
686079 6619090 350772 1
277429 0058500 548737 3
113030 0000000 539131 2
05 7571401 062373 2
327299 1646561 624565 3
246191 3183401 436243 1
4241414 0755970 695934 3
2021010 1075501 308398 3
332257 9602931 219760 3
544836 3172920 018209 1
1847512 6641940 595653 3
339262 9066440 581657 1
438652 3882410 913938 1
265476 0244710 486215 3
444047 2267641 255329 3
166744 1839971 275290 2
812311 8502111 096981 3
4274711 6617971 167935 3
560543 5749670 494666 1
109330 0000000 107475 2
181217 9376570 904799 3
112723 3650271 014085 2
162970 0000000 367491 2
2816813 8606721 293270 3
4096310 3067141 211594 3
316857 2280020 670670 3
551644 5087401 036192 1
175950 3663280 163652 2
18623 2994440 575152 2
570870 5732870 607915 1
630829 1837380 012280 1
512137 8426461 060636 3
64874 7509640 558240 2
480511 4387021 556334 3
303028 2430631 122768 3
686807 9490170 271865 1
175917 8754770 227085 2
743919 5690870 364856 1
372177 7501030 869094 3
428140 0000001 515293 1
147383 3960300 633977 2
1989611 9160910 025294 3
146730 4607580 689586 2
3201113 0875660 476002 3
587364 5890161 672600 1
547448 3972171 534103 1
294825 5627721 689388 1
2769810 9051590 619091 3
114431 3114411 169887 2
5611710 6471700 980141 3
395140 0000000 481918 1
266278 5030250 830861 3
165250 4368801 395314 2
243686 1278671 102179 1
2216012 1124920 359680 3
60301 2649681 141582 2
64686 0675681 327047 2
229458 0109641 681648 3
185203 7910840 304072 2
3491411 7731951 262621 3
61218 3395881 443357 2
380632 5630921 464013 1
234105 9542160 953782 1
350739 2883740 767318 3
529143 9767961 043109 1
168018 5852271 455708 3
95331 2719460 796506 2
167210 0000000 242778 2
58320 0000000 089749 2
4459111 5212980 300860 3
101431 1394470 415373 2
216095 6990901 391892 2
238172 4493781 322560 1
156400 0000001 228380 2
88473 1683650 053993 2
5093910 4286101 126257 3
285212 9430701 446816 1
3290110 4413480 975283 3
4285012 4787641 628726 3
134995 8569020 363883 2
403452 4764200 096075 1
435471 8266370 811457 1
707584 3244510 328235 1
197801 3760851 178359 2
444845 3424620 394527 1
5446211 8355210 693301 3
2008512 4236871 424264 3
4229112 1612730 071131 3
475508 1483601 649194 3
119381 5310671 549756 2
406993 2009120 309679 1
709088 8626910 530506 1
739896 3705510 369350 1
118722 4688410 145060 2
4846311 0542120 141508 3
159872 0370800 715243 2
7003613 3640300 549972 1
3296710 2491350 192735 3
6324910 4642521 669767 1
427959 4245740 013725 3
144594 4589020 268444 2
199730 0000000 575976 2
54949 6860821 029808 3
6790213 6494021 052618 1
2562113 1811480 273014 3
275453 8774720 401600 1
586561 4139520 451380 1
73274 2489861 430249 2
645558 7791830 845947 1
89984 1562520 097109 2
117525 5800180 158401 2
7631915 0404401 366898 1
2766512 7938701 307323 3
674173 2548770 669546 1
2180810 7256070 588588 3
153268 2564730 765891 2
200578 0338921 618562 3
7934110 7025320 204792 1
156365 0629961 132555 2
3560210 7722860 668721 3
285441 8923540 837028 1
576631 0199660 372320 1
7872715 5460430 729742 1
6825511 6382050 409125 1
149643 4278860 975616 2
2183511 2461741 475586 3
74870 0000000 645045 2
87000 0000001 424017 2
262268 2425530 279069 3
658998 7000600 101807 1
65430 8123440 260334 2
465562 4482351 176829 1
7103813 2300780 616147 1
476570 2361330 340840 1
1960011 1558260 335131 3
3742211 0296360 505769 3
13632 9011811 646633 2
265353 9245941 143120 1
477072 5248061 292848 1
380553 5274741 449158 1
62863 3842810 889268 2
107470 0000001 107592 2
4488311 8988900 406441 3
568233 5298921 375844 1
6808611 4426770 696919 1
7024210 3081450 422722 1
114098 5405290 727373 2
676717 1569491 691682 1
612380 7206750 847574 1
177740 2294051 038603 2
533763 3993310 077501 1
309306 1572390 580133 1
289871 2396980 719989 1
136556 0368540 016548 2